Finished Training
Start Testing

Test set:  Percent Accuracy: 61.9545

[[ 2218  1237   391   335  4751   175    43   879]
 [  446  2661   289    56  1436    45     6   309]
 [  152   526  6956   282  3717    39     3   962]
 [  145    83    60  4666  1316    23   187   357]
 [ 1269  1534  1870  2525 31493  1063    50  2113]
 [   81    34    10    21   933  2831     9   424]
 [   82    55     4   130    60     4  1087    12]
 [  139   203   118   277  1089   252    13  1214]]
('precision', tensor([ 0.4894,  0.4202,  0.7173,  0.5627,  0.7030,  0.6388,  0.7
775,
         0.1936]))
('recall', tensor([ 0.2212,  0.5071,  0.5504,  0.6825,  0.7513,  0.6519,  0.7580
,
         0.3673]))
('F1 score', [0.3046493968174464, 0.459545803767248, 0.6228789026697943, 0.61682
85781057867, 0.7263816227845071, 0.6452421717894702, 0.7676553433834308, 0.25357
70218774729])
Finished Testing
sawasthi@kronos:/data/sawasthi/Thesis--Create-Synthetic-IMU-data/MoCAP$
